bbbbbbbbbbbbbbbbbbbbbbbbbbbbbbbbbbbbbbbbbbbbbbbbbbb
bbbbbbbbbbbbbbbbbbbbbbbbbbbbbbbbbbbbbbbbbbbbbbbbbbb
333333333333333333333333333333333333333333333333333
333333333333333333333333333333333333333333333333333
333333333333333333333333333333333333333333333333333
333333333333333333333333333333333333333333333333333
333333333333333333333333333333333333333333333333333
333333333333333333333333333333333333333333333333333
333333333333333333333333333333333333333333333333333
333333333333333333333333333333333333333333333333333
333333333333333333333333333333333333333333333333333
333333333333333333333333333333333333333333333333333
333333333333333333333333333333333333333333333333333
333333333333333333333333333333333333333333333333333
333333333333333333333333333333333333333333333333333
333333333333333333333333333333333333333333333333333
bbbbbbbbbbbbbbbbbbbbbbbbbbbbbbbbbbbbbbbbbbbbbbbbbbb
bbbbbbbbbbbbbbbbbbbbbbbbbbbbbbbbbbbbbbbbbbbbbbbbbbb
bbbbbbbbbbbbbbbbbbbbbbbbbbbbbbbbbbbbbbbbbbbbbbbbbbb